0 
0 
0 
0 
0 
0 
0 
0 
0 
0 
0 
0 
0 
0 
0 
0 
0 
0 
0 
0 
0 
0 
0 
0 
0 
0 
0 
0 
0 
0 
0 
0 
0 
0 
0 
0 
0 
0 
0 
0 
0 
0 
0 
0 
0 
0 
0 
0 
0 
0 
0 
0 
0 
0 
0 
0 
0 
0 
0 
0 
0 
0 
0 
0 
0 
0 
0 
0 
0 
0 
0 
0 
0 
0 
0 
0 
0 
0 
0 
0 
0 
0 
0 
0 
0 
0 
0 
0 
0 
0 
0 
0 
0 
0 
0 
0 
0 
0 
0 
0 
0 
0 
0 
0 
0 
0 
0 
0 
0 
0 
0 
0 
0 
0 
0 
0 
0 
0 
0 
0 
0 
0 
0 
0 
0 
0 
0 
0 
0 
0 
0 
0 
0 
0 
0 
0 
0 
0 
0 
0 
0 
0 
0 
0 
0 
0 
0 
0 
0 
0 
0 
0 
0 
0 
0 
0 
0 
0 
0 
0 
0 
0 
0 
0 
0 
0 
0 
0 
0 
0 
0 
0 
0 
0 
0 
0 
0 
0 
0 
0 
0 
0 
0 
0 
0 
0 
0 
0 
0 
0 
0 
0 
0 
0 
0 
0 
0 
0 
0 
0 
0 
0 
0 
0 
0 
0 
0 
0 
0 
0 
0 
0 
0 
0 
0 
0 
0 
0 
0 
0 
0 
0 
0 
0 
0 
0 
0 
0 
0 
0 
0 
0 
0 
0 
0 
0 
0 
0 
0 
0 
0 
0 
0 
0 
0 
0 
0 
0 
0 
0 
0 
0 
0 
0 
0 
0 
0 
0 
0 
0 
0 
0 
0 
0 
0 
0 
0 
0 
0 
0 
0 
0 
0 
0 
0 
0 
0 
0 
0 
0 
0 
0 
0 
0 
0 
0 
0 
0 
0 
0 
0 
0 
0 
0 
0 
0 
0 
0 
0 
0 
0 
0 
0 
0 
0 
0 
0 
0 
0 
0 
0 
0 
0 
0 
0 
0 
0 
0 
0 
0 
0 
0 
0 
0 
0 
0 
0 
0 
0 
0 
0 
0 
0 
0 
0 
0 
0 
0 
0 
0 
0 
0 
0 
0 
0 
0 
0 
0 
0 
0 
0 
0 
0 
0 
0 
0 
0 
0 
0 
0 
0 
0 
0 
0 
0 
0 
0 
0 
0 
0 
0 
0 
0 
0 
0 
0 
0 
0 
0 
0 
0 
0 
0 
0 
0 
0 
0 
0 
0 
0 
0 
0 
0 
0 
0 
0 
0 
0 
0 
0 
0 
0 
0 
0 
0 
0 
0 
0 
0 
0 
0 
0 
0 
0 
0 
0 
0 
0 
0 
0 
0 
0 
0 
0 
0 
0 
0 
0 
0 
0 
0 
0 
0 
0 
0 
0 
0 
0 
0 
0 
0 
0 
0 
0 
0 
0 
0 
0 
0 
0 
0 
0 
0 
0 
0 
0 
0 
0 
0 
0 
0 
0 
0 
0 
0 
0 
0 
0 
0 
0 
0 
0 
0 
0 
0 
0 
0 
0 
0 
0 
0 
0 
0 
0 
0 
0 
0 
0 
0 
0 
0 
0 
0 
0 
0 
0 
0 
0 
0 
0 
0 
0 
0 
0 
0 
0 
0 
0 
0 
0 
0 
0 
2 
3 
4 
5 
0 
0 
0 
0 
0 
0 
0 
0 
0 
0 
0 
0 
0 
0 
0 
0 
0 
0 
0 
0 
0 
0 
0 
0 
0 
0 
0 
0 
0 
0 
0 
0 
0 
0 
0 
0 
0 
0 
0 
0 
0 
0 
0 
0 
0 
0 
0 
0 
0 
0 
0 
0 
0 
0 
0 
0 
0 
0 
0 
0 
0 
0 
0 
0 
0 
0 
0 
0 
0 
0 
0 
0 
0 
0 
0 
0 
0 
0 
0 
0 
0 
0 
0 
0 
0 
0 
0 
0 
0 
0 
0 
0 
0 
0 
0 
0 
0 
0 
0 
0 
0 
0 
0 
0 
0 
0 
0 
0 
0 
0 
0 
0 
0 
0 
0 
0 
0 
0 
0 
0 
0 
0 
0 
0 
0 
0 
0 
0 
0 
0 
0 
0 
0 
0 
0 
0 
0 
0 
0 
0 
0 
0 
0 
0 
0 
0 
0 
0 
0 
0 
0 
0 
0 
0 
0 
0 
0 
0 
0 
0 
0 
0 
0 
0 
0 
0 
0 
0 
0 
0 
0 
0 
0 
0 
0 
0 
0 
0 
0 
0 
0 
0 
0 
0 
0 
0 
0 
0 
0 
0 
0 
0 
0 
0 
0 
0 
0 
0 
0 
0 
0 
0 
0 
0 
0 
0 
0 
0 
0 
0 
0 
0 
0 
0 
0 
0 
0 
0 
0 
0 
0 
0 
0 
0 
0 
0 
0 
0 
0 
0 
0 
0 
0 
0 
0 
0 
0 
0 
0 
0 
0 
0 
0 
0 
0 
0 
0 
0 
0 
0 
0 
0 
0 
0 
0 
0 
0 
0 
0 
0 
0 
0 
0 
0 
0 
0 
0 
0 
0 
0 
0 
0 
0 
0 
0 
0 
0 
0 
0 
0 
0 
0 
0 
0 
0 
0 
0 
0 
0 
0 
0 
0 
0 
0 
0 
0 
0 
0 
0 
0 
0 
0 
0 
0 
0 
0 
0 
0 
0 
0 
0 
0 
0 
0 
0 
0 
0 
0 
0 
0 
0 
0 
0 
0 
0 
0 
0 
0 
0 
0 
0 
0 
0 
0 
0 
0 
0 
0 
0 
0 
0 
0 
0 
0 
0 
0 
0 
0 
0 
0 
0 
0 
0 
0 
0 
0 
0 
0 
0 
0 
0 
0 
0 
0 
0 
0 
0 
0 
0 
0 
0 
0 
0 
0 
0 
0 
0 
0 
0 
0 
0 
0 
0 
0 
0 
0 
0 
0 
0 
0 
0 
0 
0 
0 
0 
0 
0 
0 
0 
0 
0 
0 
0 
0 
0 
0 
0 
0 
0 
0 
0 
0 
0 
0 
0 
0 
0 
0 
0 
0 
0 
0 
0 
0 
0 
0 
0 
0 
0 
0 
0 
0 
0 
0 
0 
0 
0 
0 
0 
0 
0 
0 
0 
0 
0 
0 
0 
0 
0 
0 
0 
0 
0 
0 
0 
0 
0 
0 
0 
0 
0 
0 
0 
0 
0 
0 
0 
0 
0 
0 
0 
0 
0 
0 
0 
0 
0 
0 
0 
0 
0 
0 
0 
0 
0 
0 
0 
0 
0 
0 
0 
0 
0 
0 
0 
0 
0 
0 
0 
0 
0 
0 
0 
0 
0 
0 
0 
0 
0 
0 
3006002 
5687387 
8117149 
-7384140 
-4185249 
5374435 
-397589 
-4955352 
-2508954 
-6846417 
7178937 
-5342797 
-4733324 
4566469 
-7102596 
-3446474 
6821561 
-5507005 
3654922 
6903047 
5078296 
5232245 
-7817491 
-6196938 
1015252 
914785 
6871822 
361993 
-6099726 
7459637 
-1999834 
-6454612 
-1188495 
6620706 
7716963 
-5657396 
-7384477 
6925775 
1177249 
5701453 
-7122010 
5802545 
-2581106 
5227352 
-6167011 
672276 
7879323 
5226142 
7044253 
-4043041 
-3666303 
3152662 
4345478 
3243354 
1879661 
-25766 
3146702 
4836166 
-4166303 
5041944 
-1752891 
-57011 
-1894317 
5366523 
843810 
5182716 
-1394139 
6462058 
-7872099 
-1244613 
2963667 
-1197825 
809885 
5425332 
-601322 
-6545528 
-2484426 
2741181 
798088 
-8298520 
-4242030 
7362075 
2434526 
-2542065 
7066460 
97558 
-4497452 
-7333541 
7375414 
-8264095 
3915439 
6543399 
256755 
3538153 
7295877 
-2854145 
-3566113 
-7459125 
-6166682 
6204142 
2628297 
-608569 
5870820 
4072302 
-7851883 
2979540 
-2859971 
-823813 
-4634830 
-990043 
3343921 
-2377504 
4608457 
-6053089 
2762615 
-8050496 
3551316 
-6354605 
1908604 
-117140 
-5850642 
-484319 
-3014711 
-1058434 
-5267239 
6869459 
-5802323 
6312916 
2078736 
7154554 
4283703 
5167553 
-4571249 
-6120878 
4279903 
-8360439 
-4716373 
4253588 
2338602 
-4126099 
-7122110 
4120006 
5384426 
-252062 
8214577 
2695940 
-4586376 
8083097 
7505929 
4276035 
-6262889 
-129312 
7677573 
3412047 
1761813 
-988635 
-6555182 
3020744 
1797022 
3563053 
6360040 
5558713 
-7020363 
2905279 
7332509 
-7946042 
-2490631 
-888209 
3576960 
5201885 
2019492 
1299934 
4070025 
4206286 
-4129212 
7660259 
-2373254 
-7838680 
6771331 
5910804 
4990023 
-1970755 
-4265749 
-5400493 
-1350156 
7496027 
5620817 
-3429109 
-3314114 
32000 
966809 
-7953519 
6047633 
6195779 
-3714197 
3496956 
2754431 
5396484 
1086847 
-3738278 
1432196 
-4378832 
6602755 
8011221 
7447124 
5797719 
206209 
-7127274 
1215132 
4863544 
2997476 
-3396093 
-2060229 
1896141 
-8255008 
5654764 
-3307224 
-1608806 
5663894 
-851238 
4197867 
5372850 
6516040 
-6573510 
-3022942 
-5189103 
-5288216 
6632919 
-5124529 
6260976 
1526439 
2497086 
-8059965 
-4600666 
2783031 
-465861 
5220582 
-2507526 
370065 
-4655027 
-4884097 
3899505 
7176904 
-5945047 
6684526 
6591839 
-7685900 
7630350 
-1735105 
-3110375 
1718947 
-8149 
-2758337 
-3926833 
3270316 
2051072 
-4803553 
-1358678 
-1523376 
-1361498 
1411874 
6394656 
151467 
-4424462 
-5315430 
2241244 
3746080 
-4511993 
-64575 
5198939 
2831153 
3005427 
-3983071 
-2394765 
-276881 
-6258343 
-7615629 
-2496652 
-1414346 
2397834 
1525522 
3872262 
2299139 
3715908 
-8297893 
6296221 
6687644 
-8102425 
3200572 
4263663 
3895523 
7360819 
-1890233 
6887862 
1507666 
5756489 
-4878706 
-6173141 
-1688843 
2663779 
-8254451 
-1766467 
6650998 
-3259219 
-99078 
-4261466 
-535611 
7337189 
3605793 
3259640 
7171017 
-4232307 
3002669 
2092 
1605877 
-4554565 
5847845 
3809283 
774250 
-6298875 
-961774 
-8089025 
-6475711 
-3485468 
5772250 
8357654 
8254444 
1656828 
-3866871 
4426175 
554409 
6599485 
3372293 
4704581 
-1123412 
-6824780 
1744930 
470273 
1817916 
2412753 
613541 
-6190658 
5901885 
6093707 
-7954655 
3747591 
4094612 
-1990535 
-1161525 
6916462 
-4337347 
-797062 
-8011666 
1854915 
3492177 
6320252 
7932406 
8199806 
6100740 
-7191798 
7282849 
-3717579 
-3012932 
-4718334 
4846735 
5703779 
-1583098 
1535492 
3669700 
3613007 
7080189 
-4049747 
1060820 
-4971834 
5683784 
-2098419 
-2432657 
408845 
-7188890 
5834886 
4104350 
-6089695 
8282565 
4517074 
1566459 
4024849 
-89005 
-2747219 
-1627932 
2977033 
5345324 
-3122832 
-6311118 
-5405384 
323826 
6736039 
-41774 
2532681 
2987629 
-1123382 
-6314004 
-3590293 
5582347 
4317942 
-6570547 
-3560045 
-6130980 
2273789 
-2915343 
8073713 
779390 
-3795924 
5646392 
6983979 
6342016 
4617526 
-4637299 
7858646 
-6753785 
3765712 
6663189 
313052 
-6578559 
-3999738 
2693405 
3137951 
-8022193 
-7295093 
-733777 
-1337138 
8187321 
-2415677 
564852 
-2421127 
-7149055 
4247182 
-4653239 
-8388269 
-2699701 
-8284436 
-2412741 
-409100 
2907963 
2109010 
-4109711 
-122087 
-5098943 
73979 
1862427 
-4467165 
-1600786 
6228721 
-3711121 
4875063 
-4727575 
530424 
6148591 
-8274812 
8343802 
-6467017 
-8354576 
-6852308 
-7940686 
3627531 
-488939 
3237340 
1478658 
4759610 
1011696 
8258876 
-7744304 
-880453 
-272939 
-7112175 
3331825 
-4350091 
3116630 
2738844 
-4919792 
7947375 
8128963 
6625431 
3250917 
-5225018 
-4935916 
5386369 
-1140514 
7726935 
-5825950 
-4924941 
5286728 
1908626 
243159 
-6862465 
5907868 
5977239 
-2513028 
-8219907 
8386570 
7699696 
6134031 
-1321897 
-4091203 
-7820639 
8001388 
-6821556 
5601807 
-4153490 
2274804 
-2638969 
5806246 
-7474395 
0 
0 
0 
0 
0 
0 
0 
0 
0 
0 
0 
0 
0 
0 
0 
0 
0 
0 
0 
0 
0 
0 
0 
0 
0 
0 
0 
0 
0 
0 
0 
0 
0 
0 
0 
0 
0 
0 
0 
0 
0 
0 
0 
0 
0 
0 
0 
0 
0 
0 
0 
0 
0 
0 
0 
0 
0 
0 
0 
0 
0 
0 
0 
0 
0 
0 
0 
0 
0 
0 
0 
0 
0 
0 
0 
0 
0 
0 
0 
0 
0 
0 
0 
0 
0 
0 
0 
0 
0 
0 
0 
0 
0 
0 
0 
0 
0 
0 
0 
0 
0 
0 
0 
0 
0 
0 
0 
0 
0 
0 
0 
0 
0 
0 
0 
0 
0 
0 
0 
0 
0 
0 
0 
0 
0 
0 
0 
0 
0 
0 
0 
0 
0 
0 
0 
0 
0 
0 
0 
0 
0 
0 
0 
0 
0 
0 
0 
0 
0 
0 
0 
0 
0 
0 
0 
0 
0 
0 
0 
0 
0 
0 
0 
0 
0 
0 
0 
0 
0 
0 
0 
0 
0 
0 
0 
0 
0 
0 
0 
0 
0 
0 
0 
0 
0 
0 
0 
0 
0 
0 
0 
0 
0 
0 
0 
0 
0 
0 
0 
0 
0 
0 
0 
0 
0 
0 
0 
0 
0 
0 
0 
0 
0 
0 
0 
0 
0 
0 
0 
0 
0 
0 
0 
0 
0 
0 
0 
0 
0 
0 
0 
0 
0 
0 
0 
0 
0 
0 
0 
0 
0 
0 
0 
0 
0 
0 
0 
0 
0 
0 
0 
0 
0 
0 
0 
0 
0 
0 
0 
0 
0 
0 
0 
0 
0 
0 
0 
0 
0 
0 
0 
0 
0 
0 
0 
0 
0 
0 
0 
0 
0 
0 
0 
0 
0 
0 
0 
0 
0 
0 
0 
0 
0 
0 
0 
0 
0 
0 
0 
0 
0 
0 
0 
0 
0 
0 
0 
0 
0 
0 
0 
0 
0 
0 
0 
0 
0 
0 
0 
0 
0 
0 
0 
0 
0 
0 
0 
0 
0 
0 
0 
0 
0 
0 
0 
0 
0 
0 
0 
0 
0 
0 
0 
0 
0 
0 
0 
0 
0 
0 
0 
0 
0 
0 
0 
0 
0 
0 
0 
0 
0 
0 
0 
0 
0 
0 
0 
0 
0 
0 
0 
0 
0 
0 
0 
0 
0 
0 
0 
0 
0 
0 
0 
0 
0 
0 
0 
0 
0 
0 
0 
0 
0 
0 
0 
0 
0 
0 
0 
0 
0 
0 
0 
0 
0 
0 
0 
0 
0 
0 
0 
0 
0 
0 
0 
0 
0 
0 
0 
0 
0 
0 
0 
0 
0 
0 
0 
0 
0 
0 
0 
0 
0 
0 
0 
0 
0 
0 
0 
0 
0 
0 
0 
0 
0 
0 
0 
0 
0 
0 
0 
0 
0 
0 
0 
0 
0 
0 
0 
0 
0 
0 
0 
0 
0 
0 
0 
0 
0 
0 
0 
0 
0 
0 
0 
0 
0 
0 
0 
0 
0 
0 
0 
0 
0 
0 
0 
0 
0 
0 
0 
0 
0 
0 
0 
0 
0 
0 
0 
0 
0 
0 
0 
0 
0 
0 
0 
0 
0 
0 
0 
0 
