0 
0 
0 
0 
0 
0 
0 
0 
0 
0 
0 
0 
0 
0 
0 
0 
0 
0 
0 
0 
0 
0 
0 
0 
0 
0 
0 
0 
0 
0 
0 
0 
0 
0 
0 
0 
0 
0 
0 
0 
0 
0 
0 
0 
0 
0 
0 
0 
0 
0 
0 
0 
0 
0 
0 
0 
0 
0 
0 
0 
0 
0 
0 
0 
0 
0 
0 
0 
0 
0 
0 
0 
0 
0 
0 
0 
0 
0 
0 
0 
0 
0 
0 
0 
0 
0 
0 
0 
0 
0 
0 
0 
0 
0 
0 
0 
0 
0 
0 
0 
0 
0 
0 
0 
0 
0 
0 
0 
0 
0 
0 
0 
0 
0 
0 
0 
0 
0 
0 
0 
0 
0 
0 
0 
0 
0 
0 
0 
0 
0 
0 
0 
0 
0 
0 
0 
0 
0 
0 
0 
0 
0 
0 
0 
0 
0 
0 
0 
0 
0 
0 
0 
0 
0 
0 
0 
0 
0 
0 
0 
0 
0 
0 
0 
0 
0 
0 
0 
0 
0 
0 
0 
0 
0 
0 
0 
0 
0 
0 
0 
0 
0 
0 
0 
0 
0 
0 
0 
0 
0 
0 
0 
0 
0 
0 
0 
0 
0 
0 
0 
0 
0 
0 
0 
0 
0 
0 
0 
0 
0 
0 
0 
0 
0 
0 
0 
0 
0 
0 
0 
0 
0 
0 
0 
0 
0 
0 
0 
0 
0 
0 
0 
0 
0 
0 
0 
0 
0 
0 
0 
0 
0 
0 
0 
0 
0 
0 
0 
0 
0 
0 
0 
0 
0 
0 
0 
0 
0 
0 
0 
0 
0 
0 
0 
0 
0 
0 
0 
0 
0 
0 
0 
0 
0 
0 
0 
0 
0 
0 
0 
0 
0 
0 
0 
0 
0 
0 
0 
0 
0 
0 
0 
0 
0 
0 
0 
0 
0 
0 
0 
0 
0 
0 
0 
0 
0 
0 
0 
0 
0 
0 
0 
0 
0 
0 
0 
0 
0 
0 
0 
0 
0 
0 
0 
0 
0 
0 
0 
0 
0 
0 
0 
0 
0 
0 
0 
0 
0 
0 
0 
0 
0 
0 
0 
0 
0 
0 
0 
0 
0 
0 
0 
0 
0 
0 
0 
0 
0 
0 
0 
0 
0 
0 
0 
0 
0 
0 
0 
0 
0 
0 
0 
0 
0 
0 
0 
0 
0 
0 
0 
0 
0 
0 
0 
0 
0 
0 
0 
0 
0 
0 
0 
0 
0 
0 
0 
0 
0 
0 
0 
0 
0 
0 
0 
0 
0 
0 
0 
0 
0 
0 
0 
0 
0 
0 
0 
0 
0 
0 
0 
0 
0 
0 
0 
0 
0 
0 
0 
0 
0 
0 
0 
0 
0 
0 
0 
0 
0 
0 
0 
0 
0 
0 
0 
0 
0 
0 
0 
0 
0 
0 
0 
0 
0 
0 
0 
0 
0 
0 
0 
0 
0 
0 
0 
0 
0 
0 
0 
0 
0 
0 
0 
0 
0 
0 
0 
0 
0 
0 
0 
0 
0 
0 
0 
0 
0 
0 
0 
0 
0 
0 
0 
0 
0 
0 
0 
0 
0 
0 
0 
0 
0 
0 
0 
0 
0 
0 
0 
0 
0 
0 
0 
2 
3 
4 
5 
0 
0 
0 
0 
0 
0 
0 
0 
0 
0 
0 
0 
0 
0 
0 
0 
0 
0 
0 
0 
0 
0 
0 
0 
0 
0 
0 
0 
0 
0 
0 
0 
0 
0 
0 
0 
0 
0 
0 
0 
0 
0 
0 
0 
0 
0 
0 
0 
0 
0 
0 
0 
0 
0 
0 
0 
0 
0 
0 
0 
0 
0 
0 
0 
0 
0 
0 
0 
0 
0 
0 
0 
0 
0 
0 
0 
0 
0 
0 
0 
0 
0 
0 
0 
0 
0 
0 
0 
0 
0 
0 
0 
0 
0 
0 
0 
0 
0 
0 
0 
0 
0 
0 
0 
0 
0 
0 
0 
0 
0 
0 
0 
0 
0 
0 
0 
0 
0 
0 
0 
0 
0 
0 
0 
0 
0 
0 
0 
0 
0 
0 
0 
0 
0 
0 
0 
0 
0 
0 
0 
0 
0 
0 
0 
0 
0 
0 
0 
0 
0 
0 
0 
0 
0 
0 
0 
0 
0 
0 
0 
0 
0 
0 
0 
0 
0 
0 
0 
0 
0 
0 
0 
0 
0 
0 
0 
0 
0 
0 
0 
0 
0 
0 
0 
0 
0 
0 
0 
0 
0 
0 
0 
0 
0 
0 
0 
0 
0 
0 
0 
0 
0 
0 
0 
0 
0 
0 
0 
0 
0 
0 
0 
0 
0 
0 
0 
0 
0 
0 
0 
0 
0 
0 
0 
0 
0 
0 
0 
0 
0 
0 
0 
0 
0 
0 
0 
0 
0 
0 
0 
0 
0 
0 
0 
0 
0 
0 
0 
0 
0 
0 
0 
0 
0 
0 
0 
0 
0 
0 
0 
0 
0 
0 
0 
0 
0 
0 
0 
0 
0 
0 
0 
0 
0 
0 
0 
0 
0 
0 
0 
0 
0 
0 
0 
0 
0 
0 
0 
0 
0 
0 
0 
0 
0 
0 
0 
0 
0 
0 
0 
0 
0 
0 
0 
0 
0 
0 
0 
0 
0 
0 
0 
0 
0 
0 
0 
0 
0 
0 
0 
0 
0 
0 
0 
0 
0 
0 
0 
0 
0 
0 
0 
0 
0 
0 
0 
0 
0 
0 
0 
0 
0 
0 
0 
0 
0 
0 
0 
0 
0 
0 
0 
0 
0 
0 
0 
0 
0 
0 
0 
0 
0 
0 
0 
0 
0 
0 
0 
0 
0 
0 
0 
0 
0 
0 
0 
0 
0 
0 
0 
0 
0 
0 
0 
0 
0 
0 
0 
0 
0 
0 
0 
0 
0 
0 
0 
0 
0 
0 
0 
0 
0 
0 
0 
0 
0 
0 
0 
0 
0 
0 
0 
0 
0 
0 
0 
0 
0 
0 
0 
0 
0 
0 
0 
0 
0 
0 
0 
0 
0 
0 
0 
0 
0 
0 
0 
0 
0 
0 
0 
0 
0 
0 
0 
0 
0 
0 
0 
0 
0 
0 
0 
0 
0 
0 
0 
0 
0 
0 
0 
0 
0 
0 
0 
0 
0 
0 
0 
0 
0 
0 
0 
0 
0 
0 
0 
0 
0 
0 
0 
0 
0 
0 
0 
0 
0 
0 
0 
0 
0 
0 
0 
0 
0 
0 
0 
0 
0 
0 
0 
0 
0 
0 
0 
0 
0 
0 
0 
0 
0 
-176117 
-7208732 
7884470 
7839519 
7332105 
2038651 
4533679 
-4561119 
-3636815 
-4561758 
2394162 
6919607 
-1813212 
-7241987 
2611873 
-8210493 
-1171056 
-2274009 
-775894 
-4555535 
6320433 
-5809176 
-8206228 
3407055 
1740390 
8050603 
-1747452 
7464141 
6579262 
-964782 
-8304167 
1512793 
8030051 
5143357 
8186867 
6736937 
-1721577 
6137781 
-5401885 
-7965658 
3365738 
-4810936 
-8007661 
2055460 
1830527 
-3741654 
-4975537 
-6207757 
3719978 
-7004499 
1094758 
-5000030 
1555791 
-7487198 
-8228596 
-3427654 
4377823 
-6796802 
2211885 
-3143752 
-5599769 
4857108 
-4512625 
6104928 
-3915966 
1368780 
3538813 
1606948 
-3330697 
6544564 
3071774 
3814045 
-3083592 
-1117962 
880330 
-1786574 
4256575 
2213402 
5569472 
6041736 
7749640 
6684666 
-7831345 
-4171647 
-888845 
-7111110 
4456690 
-6664752 
6969150 
-8015578 
3219653 
6193552 
-7591712 
-3180887 
7813846 
-4731221 
6359259 
-7562826 
-4239451 
370953 
-6508415 
516904 
-2984018 
-5293697 
-1605288 
-2321488 
6541335 
-874521 
-1246565 
3720289 
-1782906 
-1200010 
-2368562 
3901182 
1819629 
-2357196 
-6392976 
-5467119 
2936850 
1077626 
-7721994 
4984439 
4838969 
-7379526 
6253252 
5942130 
-5383098 
5783119 
6475421 
-1396965 
-7468667 
1233871 
1031652 
8125028 
7584963 
7200278 
1028822 
-5887370 
2992266 
-7074352 
1486153 
-3500419 
6151134 
914895 
-8058855 
-2726445 
-4797042 
7406038 
3128284 
-2712666 
-8093362 
4515389 
6800176 
4177333 
-4201575 
-583029 
-1076561 
-7928518 
6819413 
-8058474 
3690020 
-7194620 
-6598243 
712310 
-7131942 
6646399 
3328578 
8177908 
7154685 
6498025 
-7360677 
4289695 
5217579 
-2654258 
493203 
1330266 
-6239129 
-3456448 
6963592 
-762962 
-5313845 
-4688667 
151797 
1118039 
415252 
-170393 
5100314 
6189494 
8092743 
1848445 
-4574918 
-675716 
1416349 
-2290865 
1140480 
-8301393 
-2190590 
-8048621 
1519332 
496158 
655425 
-6898139 
-6463803 
-4664850 
-2208411 
-5564068 
897474 
1135365 
6398824 
3089321 
-3263019 
3147256 
-2625376 
-618670 
3880856 
-4254213 
3922421 
6450542 
-96363 
7807490 
5889119 
-7150598 
-4914710 
-7312593 
7117329 
-601061 
-2160476 
-5236345 
6018443 
2137006 
-3354935 
1814319 
-7703812 
-8200810 
-6186592 
7132778 
7402020 
2702683 
8079666 
164619 
-1473283 
1695085 
1591278 
1743664 
-4027152 
-5062820 
3212545 
4176604 
324912 
8214376 
-683316 
7887221 
3744979 
-6247950 
-717233 
8272566 
4228688 
3276015 
-2834120 
-2539360 
2207989 
-1517849 
7648780 
6027623 
5431372 
250186 
-6194542 
7734856 
-6912543 
3107590 
1800871 
1157988 
741183 
8381479 
6022390 
1364846 
4513970 
-265437 
1531194 
-1463961 
7376833 
-1177866 
713590 
-2401188 
-7567703 
-2325575 
4971938 
-3934674 
5703438 
-7323345 
-5804275 
7060872 
6837298 
7326513 
-8055285 
6941451 
-3777755 
-7754328 
-1583893 
4943922 
-5052770 
4353230 
-690711 
1045876 
-4468211 
-2414985 
-4569576 
5223824 
1640847 
-4020668 
3247845 
-6525130 
4784946 
7392944 
1149154 
3266503 
5075764 
-3767858 
7588030 
-8359021 
2336372 
-8043793 
-1226490 
5568484 
6213242 
4571145 
4364678 
7163559 
4649581 
-2758118 
-257261 
4722640 
405888 
-6561187 
2768247 
2710862 
-5456995 
5308254 
-5405532 
-2157700 
7865848 
-3145294 
2048772 
6879610 
-2963212 
-7928003 
-1313358 
5200264 
8327019 
-3311782 
5667159 
3699190 
-4073313 
7630131 
-5414393 
-96542 
4793654 
2754275 
2765401 
5210707 
-709087 
-5804546 
2501448 
-1855907 
-3397615 
5917099 
-6640575 
-6106199 
-661817 
120192 
6816321 
7091943 
-7829356 
-4282775 
-6347479 
4222957 
7620889 
7014866 
5371250 
-3590590 
592112 
2746951 
-2884090 
-3530915 
-3091919 
-6850942 
-1751662 
3819605 
6485257 
-3854816 
5705867 
-49372 
-7716938 
6076127 
-1440230 
3566234 
-7296392 
-5790035 
-5278949 
-5378398 
896373 
-592844 
1731873 
-871503 
-852848 
-6090357 
-2842224 
-4527529 
7255227 
1803089 
4873866 
-8066631 
802938 
6112080 
-1163975 
-700346 
6883904 
2108736 
8058972 
4688137 
7725587 
5068049 
780318 
-4962457 
-4485459 
-7089580 
-2792603 
7370477 
-7343407 
-7452624 
2428783 
1591275 
1692193 
3307629 
-8372735 
6721471 
6781149 
3143467 
807410 
-2612176 
3119286 
-2959451 
4945566 
5805448 
-4115993 
-5036820 
3998090 
3164140 
-4058680 
1911217 
-6533148 
4257147 
-4953098 
1825894 
2282847 
-1683248 
-3965927 
535184 
2264750 
-3840185 
-45741 
2977368 
-5808111 
-7091211 
3351712 
-5654521 
7383316 
7104306 
-1368643 
-1228376 
7434631 
-2855912 
295863 
6529986 
-7071465 
-321059 
6210821 
-2565482 
-626039 
-2535979 
-8077326 
5608015 
-490879 
4177789 
3458870 
190367 
-4933606 
-6127542 
-7048669 
-3060716 
-2518311 
3650956 
7353905 
-659359 
7878679 
-5591525 
-7589068 
7699762 
7242768 
-6269781 
1467769 
6300977 
2742615 
8133140 
-7069363 
1444549 
1919981 
6535036 
-6079700 
-8282289 
116799 
112627 
0 
0 
0 
0 
0 
0 
0 
0 
0 
0 
0 
0 
0 
0 
0 
0 
0 
0 
0 
0 
0 
0 
0 
0 
0 
0 
0 
0 
0 
0 
0 
0 
0 
0 
0 
0 
0 
0 
0 
0 
0 
0 
0 
0 
0 
0 
0 
0 
0 
0 
0 
0 
0 
0 
0 
0 
0 
0 
0 
0 
0 
0 
0 
0 
0 
0 
0 
0 
0 
0 
0 
0 
0 
0 
0 
0 
0 
0 
0 
0 
0 
0 
0 
0 
0 
0 
0 
0 
0 
0 
0 
0 
0 
0 
0 
0 
0 
0 
0 
0 
0 
0 
0 
0 
0 
0 
0 
0 
0 
0 
0 
0 
0 
0 
0 
0 
0 
0 
0 
0 
0 
0 
0 
0 
0 
0 
0 
0 
0 
0 
0 
0 
0 
0 
0 
0 
0 
0 
0 
0 
0 
0 
0 
0 
0 
0 
0 
0 
0 
0 
0 
0 
0 
0 
0 
0 
0 
0 
0 
0 
0 
0 
0 
0 
0 
0 
0 
0 
0 
0 
0 
0 
0 
0 
0 
0 
0 
0 
0 
0 
0 
0 
0 
0 
0 
0 
0 
0 
0 
0 
0 
0 
0 
0 
0 
0 
0 
0 
0 
0 
0 
0 
0 
0 
0 
0 
0 
0 
0 
0 
0 
0 
0 
0 
0 
0 
0 
0 
0 
0 
0 
0 
0 
0 
0 
0 
0 
0 
0 
0 
0 
0 
0 
0 
0 
0 
0 
0 
0 
0 
0 
0 
0 
0 
0 
0 
0 
0 
0 
0 
0 
0 
0 
0 
0 
0 
0 
0 
0 
0 
0 
0 
0 
0 
0 
0 
0 
0 
0 
0 
0 
0 
0 
0 
0 
0 
0 
0 
0 
0 
0 
0 
0 
0 
0 
0 
0 
0 
0 
0 
0 
0 
0 
0 
0 
0 
0 
0 
0 
0 
0 
0 
0 
0 
0 
0 
0 
0 
0 
0 
0 
0 
0 
0 
0 
0 
0 
0 
0 
0 
0 
0 
0 
0 
0 
0 
0 
0 
0 
0 
0 
0 
0 
0 
0 
0 
0 
0 
0 
0 
0 
0 
0 
0 
0 
0 
0 
0 
0 
0 
0 
0 
0 
0 
0 
0 
0 
0 
0 
0 
0 
0 
0 
0 
0 
0 
0 
0 
0 
0 
0 
0 
0 
0 
0 
0 
0 
0 
0 
0 
0 
0 
0 
0 
0 
0 
0 
0 
0 
0 
0 
0 
0 
0 
0 
0 
0 
0 
0 
0 
0 
0 
0 
0 
0 
0 
0 
0 
0 
0 
0 
0 
0 
0 
0 
0 
0 
0 
0 
0 
0 
0 
0 
0 
0 
0 
0 
0 
0 
0 
0 
0 
0 
0 
0 
0 
0 
0 
0 
0 
0 
0 
0 
0 
0 
0 
0 
0 
0 
0 
0 
0 
0 
0 
0 
0 
0 
0 
0 
0 
0 
0 
0 
0 
0 
0 
0 
0 
0 
0 
0 
0 
0 
0 
0 
0 
0 
0 
0 
0 
0 
0 
0 
0 
0 
0 
0 
0 
0 
0 
0 
0 
0 
0 
0 
0 
0 
0 
0 
0 
0 
0 
0 
0 
0 
0 
0 
0 
0 
0 
0 
0 
