0 
0 
0 
0 
0 
0 
0 
0 
0 
0 
0 
0 
0 
0 
0 
0 
0 
0 
0 
0 
0 
0 
0 
0 
0 
0 
0 
0 
0 
0 
0 
0 
0 
0 
0 
0 
0 
0 
0 
0 
0 
0 
0 
0 
0 
0 
0 
0 
0 
0 
0 
0 
0 
0 
0 
0 
0 
0 
0 
0 
0 
0 
0 
0 
2 
3 
0 
0 
0 
0 
0 
0 
0 
0 
0 
0 
0 
0 
0 
0 
0 
0 
0 
0 
0 
0 
0 
0 
0 
0 
0 
0 
0 
0 
0 
0 
0 
0 
0 
0 
0 
0 
0 
0 
0 
0 
0 
0 
0 
0 
0 
0 
0 
0 
0 
0 
0 
0 
0 
0 
0 
0 
0 
0 
0 
0 
0 
0 
0 
20474 
-22611 
5525 
3870 
-32455 
-21250 
16181 
-6382 
11423 
-19324 
4137 
5589 
28101 
-14157 
22683 
18608 
20651 
17948 
-7666 
592 
-2760 
11511 
6441 
-6437 
2319 
-11435 
24784 
14628 
29941 
-26742 
-18442 
16912 
26918 
29843 
-25075 
24685 
-17187 
4264 
-23268 
-14745 
22075 
31113 
16313 
-19138 
-17526 
11737 
15729 
-3433 
30181 
6489 
9493 
-17867 
-19685 
-21829 
-13722 
-9735 
20959 
17754 
7751 
-2562 
-18888 
-6196 
-8175 
15633 
0 
0 
0 
0 
0 
0 
0 
0 
0 
0 
0 
0 
0 
0 
0 
0 
0 
0 
0 
0 
0 
0 
0 
0 
0 
0 
0 
0 
0 
0 
0 
0 
0 
0 
0 
0 
0 
0 
0 
0 
0 
0 
0 
0 
0 
0 
0 
0 
0 
0 
0 
0 
0 
0 
0 
0 
0 
0 
0 
0 
0 
0 
0 
0 
