0 
0 
0 
0 
0 
0 
0 
0 
0 
0 
0 
0 
0 
0 
0 
0 
0 
0 
0 
0 
0 
0 
0 
0 
0 
0 
0 
0 
0 
0 
0 
0 
0 
0 
0 
0 
0 
0 
0 
0 
0 
0 
0 
0 
0 
0 
0 
0 
0 
0 
0 
0 
0 
0 
0 
0 
0 
0 
0 
0 
0 
0 
0 
0 
0 
0 
0 
0 
0 
0 
0 
0 
0 
0 
0 
0 
0 
0 
0 
0 
0 
0 
0 
0 
0 
0 
0 
0 
0 
0 
0 
0 
0 
0 
0 
0 
0 
0 
0 
0 
0 
0 
0 
0 
0 
0 
0 
0 
0 
0 
0 
0 
0 
0 
0 
0 
0 
0 
0 
0 
0 
0 
0 
0 
0 
0 
0 
0 
0 
0 
0 
0 
0 
0 
0 
0 
0 
0 
0 
0 
0 
0 
0 
0 
0 
0 
0 
0 
0 
0 
0 
0 
0 
0 
0 
0 
0 
0 
0 
0 
0 
0 
0 
0 
0 
0 
0 
0 
0 
0 
0 
0 
0 
0 
0 
0 
0 
0 
0 
0 
0 
0 
0 
0 
0 
0 
0 
0 
0 
0 
0 
0 
0 
0 
0 
0 
0 
0 
0 
0 
0 
0 
0 
0 
0 
0 
0 
0 
0 
0 
0 
0 
0 
0 
0 
0 
0 
0 
0 
0 
0 
0 
0 
0 
0 
0 
0 
0 
0 
0 
0 
0 
0 
0 
0 
0 
0 
0 
0 
0 
0 
0 
0 
0 
0 
0 
0 
0 
0 
0 
0 
0 
0 
0 
0 
0 
0 
0 
0 
0 
0 
0 
0 
0 
0 
0 
0 
0 
0 
0 
0 
0 
0 
0 
0 
0 
0 
0 
0 
0 
0 
0 
0 
0 
0 
0 
0 
0 
0 
0 
0 
0 
0 
0 
0 
0 
0 
0 
0 
0 
0 
0 
0 
0 
0 
0 
0 
0 
0 
0 
0 
0 
0 
0 
0 
0 
0 
0 
0 
0 
0 
0 
0 
0 
0 
0 
0 
0 
0 
0 
0 
0 
0 
0 
0 
0 
0 
0 
0 
0 
0 
0 
0 
0 
0 
0 
0 
0 
0 
0 
0 
0 
0 
0 
0 
0 
0 
0 
0 
0 
0 
0 
0 
0 
0 
0 
0 
0 
0 
0 
0 
0 
0 
0 
0 
0 
0 
0 
0 
0 
0 
0 
0 
0 
0 
0 
0 
0 
0 
0 
0 
0 
0 
0 
0 
0 
0 
0 
0 
0 
0 
0 
0 
0 
0 
0 
0 
0 
0 
0 
0 
0 
0 
0 
0 
0 
0 
0 
0 
0 
0 
0 
0 
0 
0 
0 
0 
0 
0 
0 
0 
0 
0 
0 
0 
0 
0 
0 
0 
0 
0 
0 
0 
0 
0 
0 
0 
0 
0 
0 
0 
0 
0 
0 
0 
0 
0 
0 
0 
0 
0 
0 
0 
0 
0 
0 
0 
0 
0 
0 
0 
0 
0 
0 
0 
0 
0 
0 
0 
0 
0 
0 
0 
0 
0 
0 
0 
0 
0 
0 
0 
0 
0 
0 
0 
0 
0 
0 
0 
0 
0 
0 
0 
0 
0 
0 
0 
0 
0 
0 
0 
0 
2 
3 
4 
5 
0 
0 
0 
0 
0 
0 
0 
0 
0 
0 
0 
0 
0 
0 
0 
0 
0 
0 
0 
0 
0 
0 
0 
0 
0 
0 
0 
0 
0 
0 
0 
0 
0 
0 
0 
0 
0 
0 
0 
0 
0 
0 
0 
0 
0 
0 
0 
0 
0 
0 
0 
0 
0 
0 
0 
0 
0 
0 
0 
0 
0 
0 
0 
0 
0 
0 
0 
0 
0 
0 
0 
0 
0 
0 
0 
0 
0 
0 
0 
0 
0 
0 
0 
0 
0 
0 
0 
0 
0 
0 
0 
0 
0 
0 
0 
0 
0 
0 
0 
0 
0 
0 
0 
0 
0 
0 
0 
0 
0 
0 
0 
0 
0 
0 
0 
0 
0 
0 
0 
0 
0 
0 
0 
0 
0 
0 
0 
0 
0 
0 
0 
0 
0 
0 
0 
0 
0 
0 
0 
0 
0 
0 
0 
0 
0 
0 
0 
0 
0 
0 
0 
0 
0 
0 
0 
0 
0 
0 
0 
0 
0 
0 
0 
0 
0 
0 
0 
0 
0 
0 
0 
0 
0 
0 
0 
0 
0 
0 
0 
0 
0 
0 
0 
0 
0 
0 
0 
0 
0 
0 
0 
0 
0 
0 
0 
0 
0 
0 
0 
0 
0 
0 
0 
0 
0 
0 
0 
0 
0 
0 
0 
0 
0 
0 
0 
0 
0 
0 
0 
0 
0 
0 
0 
0 
0 
0 
0 
0 
0 
0 
0 
0 
0 
0 
0 
0 
0 
0 
0 
0 
0 
0 
0 
0 
0 
0 
0 
0 
0 
0 
0 
0 
0 
0 
0 
0 
0 
0 
0 
0 
0 
0 
0 
0 
0 
0 
0 
0 
0 
0 
0 
0 
0 
0 
0 
0 
0 
0 
0 
0 
0 
0 
0 
0 
0 
0 
0 
0 
0 
0 
0 
0 
0 
0 
0 
0 
0 
0 
0 
0 
0 
0 
0 
0 
0 
0 
0 
0 
0 
0 
0 
0 
0 
0 
0 
0 
0 
0 
0 
0 
0 
0 
0 
0 
0 
0 
0 
0 
0 
0 
0 
0 
0 
0 
0 
0 
0 
0 
0 
0 
0 
0 
0 
0 
0 
0 
0 
0 
0 
0 
0 
0 
0 
0 
0 
0 
0 
0 
0 
0 
0 
0 
0 
0 
0 
0 
0 
0 
0 
0 
0 
0 
0 
0 
0 
0 
0 
0 
0 
0 
0 
0 
0 
0 
0 
0 
0 
0 
0 
0 
0 
0 
0 
0 
0 
0 
0 
0 
0 
0 
0 
0 
0 
0 
0 
0 
0 
0 
0 
0 
0 
0 
0 
0 
0 
0 
0 
0 
0 
0 
0 
0 
0 
0 
0 
0 
0 
0 
0 
0 
0 
0 
0 
0 
0 
0 
0 
0 
0 
0 
0 
0 
0 
0 
0 
0 
0 
0 
0 
0 
0 
0 
0 
0 
0 
0 
0 
0 
0 
0 
0 
0 
0 
0 
0 
0 
0 
0 
0 
0 
0 
0 
0 
0 
0 
0 
0 
0 
0 
0 
0 
0 
0 
0 
0 
0 
0 
0 
0 
0 
0 
0 
0 
0 
0 
0 
0 
0 
0 
0 
0 
0 
0 
0 
0 
0 
0 
0 
0 
0 
-6193012 
-116026 
-3897376 
-4948051 
2750037 
-1349205 
6705813 
-4724091 
-8026002 
-4206455 
1290143 
7270536 
7435334 
-7817019 
1731238 
5237206 
-8323518 
-4956693 
-8264935 
6578320 
-24224 
-4489497 
-7847382 
-5264404 
4195372 
-3011303 
5878587 
400714 
7152669 
6171383 
5698276 
6576308 
-287708 
-3683346 
1924552 
-523620 
7545829 
3778161 
-2208699 
6366297 
-6725651 
6852064 
3843324 
2467983 
6124756 
-6213059 
-1506231 
1592086 
-1468858 
-7814110 
289446 
-659994 
-2786018 
604454 
-7922498 
7324540 
-7651873 
-7680288 
1287019 
5106963 
504896 
-3471680 
2623910 
-7231883 
4665126 
6847274 
7216914 
-4581284 
-6998822 
-4155198 
7129576 
3921462 
7113391 
322230 
-3318595 
-8160797 
-4788558 
-991226 
228346 
-4163296 
5247370 
-5275239 
6634206 
-260632 
-1589240 
-1044117 
486221 
1419183 
-4982283 
-2158428 
-4372010 
3818416 
3269496 
5040902 
-2494478 
1566488 
4519736 
-4016157 
-4819888 
-7460578 
2972299 
-7117239 
2097541 
4445054 
-906513 
-2066510 
-3005985 
-5405344 
995712 
8059122 
7213258 
1068451 
5838981 
5825010 
5888083 
-7771910 
4906370 
1357578 
-193015 
-6016634 
-5297554 
688167 
6533358 
-719405 
5332698 
2774349 
4604274 
7516310 
-5809195 
8240887 
-8102104 
-8188030 
7271609 
-8069692 
-310327 
2046643 
4640515 
-4129396 
4567246 
5945938 
8284733 
7400349 
8174982 
8301961 
-5040643 
6853006 
2885171 
4926925 
-5505263 
-621321 
-7114947 
7077095 
-5710422 
7379829 
-1156924 
368975 
-6203743 
4074675 
-1529738 
-7614095 
6507150 
-4987675 
7883755 
-4176172 
6946346 
-5394227 
3299341 
3325923 
-2884204 
-5448095 
3900074 
-27805 
2432974 
4919629 
6098046 
-2150945 
3965550 
-6874706 
1494195 
-2544567 
-1414201 
4824213 
-3729317 
1032699 
-7837858 
3812883 
-5834928 
-4819304 
2344073 
3948371 
6388647 
-184145 
-7930074 
-2560708 
-4272087 
5504647 
7042011 
-8177518 
-604157 
-3861068 
1292587 
-1978107 
6391247 
-6809978 
-1133863 
2075426 
1861859 
2771815 
-4419464 
-5210234 
-8121569 
216700 
1426084 
-6432305 
4625845 
960830 
-7784923 
4305414 
971881 
-6595152 
2339502 
-5769268 
8210982 
-7392000 
-2072117 
3422430 
-8279825 
7987814 
-83345 
-8284077 
3621891 
5382482 
643085 
3810439 
3431046 
2314710 
-3026678 
-873554 
-1769573 
4773801 
4639991 
3830315 
1931760 
3191096 
-4001373 
-8006066 
-4680383 
5162732 
-1724321 
-6426850 
-4363275 
-358060 
5104085 
2467574 
-755346 
5245390 
-4990395 
-4273438 
-423736 
-8207456 
-445402 
-3234197 
1021184 
-39144 
-3591566 
964908 
-6346700 
549817 
-3456789 
1235950 
2427114 
7105329 
-954136 
2841803 
-2550580 
-1819537 
3892804 
-4773395 
2182863 
-4391555 
-5895346 
3153291 
-1850680 
577785 
-3165519 
-2337148 
-4989247 
-1756087 
-3438960 
-1092743 
5319844 
4847413 
310417 
-523508 
-7352679 
4494091 
1162681 
-4268988 
7260387 
4638109 
5762114 
5762508 
-4394982 
3617635 
972178 
-1604786 
6117332 
3221227 
-900490 
-1492710 
-6051076 
3048027 
7363742 
-3098565 
-1120125 
-1909455 
2592387 
-171709 
-235491 
1510308 
-166862 
-2659881 
6658223 
724015 
5043303 
4303121 
-4021985 
-2103980 
4774133 
-6559139 
3634288 
-4354704 
-7296267 
-3703079 
5820936 
4536784 
-2707426 
-3906823 
4035511 
-5449500 
-2936413 
6275698 
-2693106 
1881695 
608390 
7896760 
-3697198 
4000001 
1723552 
-6499176 
4791460 
-560204 
-3341420 
-5909463 
769108 
7955694 
-3051304 
4674753 
880830 
6613380 
2023878 
7905522 
-7434722 
1318597 
-1041167 
-273967 
-7621090 
6380728 
933696 
5948329 
-1858751 
-858379 
1627733 
-6318081 
-4993326 
-3209279 
395357 
1003782 
-7311471 
-7579255 
4861521 
2550034 
-7362073 
-2405902 
-2906539 
5046021 
-336990 
6900919 
2855746 
-3085038 
8138405 
-2462255 
6258477 
-6909711 
367063 
-4771821 
-4918401 
-2228125 
-1354916 
-5400104 
5174242 
7179861 
-6578659 
-5670459 
7947755 
-2266319 
-5745165 
-6126204 
-1349280 
5445945 
-6486995 
8196450 
21137 
2940300 
-8053652 
840335 
-2900596 
4264363 
-1110227 
-3331181 
-1602759 
6624911 
-5491217 
573241 
4346138 
-2450827 
-2984325 
6323243 
7872596 
-7172826 
7377099 
3279008 
-2857558 
6179540 
-8214836 
-7051054 
7180852 
-6696067 
755580 
-1318723 
-1090432 
-6176078 
-713839 
-1787825 
17031 
1040541 
6517790 
6062442 
3441462 
-7178730 
-7970863 
-236495 
1426164 
-5091421 
-7723989 
5013371 
4548800 
-2086227 
1159967 
444916 
-4933610 
-6190437 
-7159407 
-1969347 
2625361 
370898 
-7434375 
7152595 
4922544 
4760378 
-2856168 
-4002263 
-6186423 
-6813377 
-7928157 
-3901636 
7332986 
70765 
-1825329 
7214289 
1627524 
6941350 
-5477888 
6484815 
5500927 
-5154420 
7191409 
2951585 
-2933669 
2046570 
3419382 
7590667 
2394657 
-1540506 
-4051686 
2024378 
-464123 
888665 
4076527 
-3950384 
-6666443 
-4674008 
-5131447 
7421208 
6420811 
3523714 
-497270 
-2571269 
2776460 
6529419 
178938 
4305782 
0 
0 
0 
0 
0 
0 
0 
0 
0 
0 
0 
0 
0 
0 
0 
0 
0 
0 
0 
0 
0 
0 
0 
0 
0 
0 
0 
0 
0 
0 
0 
0 
0 
0 
0 
0 
0 
0 
0 
0 
0 
0 
0 
0 
0 
0 
0 
0 
0 
0 
0 
0 
0 
0 
0 
0 
0 
0 
0 
0 
0 
0 
0 
0 
0 
0 
0 
0 
0 
0 
0 
0 
0 
0 
0 
0 
0 
0 
0 
0 
0 
0 
0 
0 
0 
0 
0 
0 
0 
0 
0 
0 
0 
0 
0 
0 
0 
0 
0 
0 
0 
0 
0 
0 
0 
0 
0 
0 
0 
0 
0 
0 
0 
0 
0 
0 
0 
0 
0 
0 
0 
0 
0 
0 
0 
0 
0 
0 
0 
0 
0 
0 
0 
0 
0 
0 
0 
0 
0 
0 
0 
0 
0 
0 
0 
0 
0 
0 
0 
0 
0 
0 
0 
0 
0 
0 
0 
0 
0 
0 
0 
0 
0 
0 
0 
0 
0 
0 
0 
0 
0 
0 
0 
0 
0 
0 
0 
0 
0 
0 
0 
0 
0 
0 
0 
0 
0 
0 
0 
0 
0 
0 
0 
0 
0 
0 
0 
0 
0 
0 
0 
0 
0 
0 
0 
0 
0 
0 
0 
0 
0 
0 
0 
0 
0 
0 
0 
0 
0 
0 
0 
0 
0 
0 
0 
0 
0 
0 
0 
0 
0 
0 
0 
0 
0 
0 
0 
0 
0 
0 
0 
0 
0 
0 
0 
0 
0 
0 
0 
0 
0 
0 
0 
0 
0 
0 
0 
0 
0 
0 
0 
0 
0 
0 
0 
0 
0 
0 
0 
0 
0 
0 
0 
0 
0 
0 
0 
0 
0 
0 
0 
0 
0 
0 
0 
0 
0 
0 
0 
0 
0 
0 
0 
0 
0 
0 
0 
0 
0 
0 
0 
0 
0 
0 
0 
0 
0 
0 
0 
0 
0 
0 
0 
0 
0 
0 
0 
0 
0 
0 
0 
0 
0 
0 
0 
0 
0 
0 
0 
0 
0 
0 
0 
0 
0 
0 
0 
0 
0 
0 
0 
0 
0 
0 
0 
0 
0 
0 
0 
0 
0 
0 
0 
0 
0 
0 
0 
0 
0 
0 
0 
0 
0 
0 
0 
0 
0 
0 
0 
0 
0 
0 
0 
0 
0 
0 
0 
0 
0 
0 
0 
0 
0 
0 
0 
0 
0 
0 
0 
0 
0 
0 
0 
0 
0 
0 
0 
0 
0 
0 
0 
0 
0 
0 
0 
0 
0 
0 
0 
0 
0 
0 
0 
0 
0 
0 
0 
0 
0 
0 
0 
0 
0 
0 
0 
0 
0 
0 
0 
0 
0 
0 
0 
0 
0 
0 
0 
0 
0 
0 
0 
0 
0 
0 
0 
0 
0 
0 
0 
0 
0 
0 
0 
0 
0 
0 
0 
0 
0 
0 
0 
0 
0 
0 
0 
0 
0 
0 
0 
0 
0 
0 
0 
0 
0 
0 
0 
0 
0 
0 
0 
0 
0 
0 
0 
0 
0 
0 
0 
0 
0 
0 
0 
0 
0 
0 
0 
0 
0 
0 
0 
0 
0 
0 
0 
0 
0 
0 
0 
0 
0 
0 
