0 
0 
0 
0 
0 
0 
0 
0 
0 
0 
0 
0 
0 
0 
0 
0 
0 
0 
0 
0 
0 
0 
0 
0 
0 
0 
0 
0 
0 
0 
0 
0 
0 
0 
0 
0 
0 
0 
0 
0 
0 
0 
0 
0 
0 
0 
0 
0 
0 
0 
0 
0 
0 
0 
0 
0 
0 
0 
0 
0 
0 
0 
0 
0 
2 
3 
0 
0 
0 
0 
0 
0 
0 
0 
0 
0 
0 
0 
0 
0 
0 
0 
0 
0 
0 
0 
0 
0 
0 
0 
0 
0 
0 
0 
0 
0 
0 
0 
0 
0 
0 
0 
0 
0 
0 
0 
0 
0 
0 
0 
0 
0 
0 
0 
0 
0 
0 
0 
0 
0 
0 
0 
0 
0 
0 
0 
0 
0 
0 
111494013 
1274136307 
-298016135 
-825316141 
1655977833 
631374111 
-1359499897 
111235201 
1219250317 
651118145 
-234002097 
1316797025 
-558866807 
219046729 
731403345 
499623987 
519289739 
329101965 
-701148917 
1180406717 
641761633 
1424890597 
-601367565 
-1126622173 
1371937635 
-1523570041 
-46672259 
1558357789 
608800911 
1504816869 
-1605277083 
1092606927 
-1835527055 
1046859417 
-1914781999 
448876749 
-1986015115 
1529771163 
1189714657 
-1833480665 
1080797795 
1551854239 
-1322181589 
254812833 
556892113 
952009565 
1671588805 
1011975581 
203105627 
-902725741 
2007920715 
1565428047 
-820457115 
1717249229 
-372423877 
-1560753381 
2078157285 
915454187 
1465673801 
1942142317 
-165512581 
1368857645 
-1749354443 
1945971223 
0 
0 
0 
0 
0 
0 
0 
0 
0 
0 
0 
0 
0 
0 
0 
0 
0 
0 
0 
0 
0 
0 
0 
0 
0 
0 
0 
0 
0 
0 
0 
0 
0 
0 
0 
0 
0 
0 
0 
0 
0 
0 
0 
0 
0 
0 
0 
0 
0 
0 
0 
0 
0 
0 
0 
0 
0 
0 
0 
0 
0 
0 
0 
0 
