202
-415
692
-1011
1269
-1210
312
2345
-8271
19745
-40070
73770
-126882
207094
-324086
489507
-717452
1024204
-1429110
1954079
-2625492
3473647
-4537134
5862949
-7516773
9586070
-12204527
15561871
-19945904
25656054
-32380072
33554431
33554431
-32380072
25656054
-19945904
15561871
-12204527
9586070
-7516773
5862949
-4537134
3473647
-2625492
1954079
-1429110
1024204
-717452
489507
-324086
207094
-126882
73770
-40070
19745
-8271
2345
312
-1210
1269
-1011
692
-415
202
