0 
0 
0 
0 
0 
0 
0 
0 
0 
0 
0 
0 
0 
0 
0 
0 
0 
0 
0 
0 
0 
0 
0 
0 
0 
0 
0 
0 
0 
0 
0 
0 
0 
0 
0 
0 
0 
0 
0 
0 
0 
0 
0 
0 
0 
0 
0 
0 
0 
0 
0 
0 
0 
0 
0 
0 
0 
0 
0 
0 
0 
0 
0 
0 
0 
0 
0 
0 
0 
0 
0 
0 
0 
0 
0 
0 
0 
0 
0 
0 
0 
0 
0 
0 
0 
0 
0 
0 
0 
0 
0 
0 
0 
0 
0 
0 
0 
0 
0 
0 
0 
0 
0 
0 
0 
0 
0 
0 
0 
0 
0 
0 
0 
0 
0 
0 
0 
0 
0 
0 
0 
0 
0 
0 
0 
0 
0 
0 
0 
0 
0 
0 
0 
0 
0 
0 
0 
0 
0 
0 
0 
0 
0 
0 
0 
0 
0 
0 
0 
0 
0 
0 
0 
0 
0 
0 
0 
0 
0 
0 
0 
0 
0 
0 
0 
0 
0 
0 
0 
0 
0 
0 
0 
0 
0 
0 
0 
0 
0 
0 
0 
0 
0 
0 
0 
0 
0 
0 
0 
0 
0 
0 
0 
0 
0 
0 
0 
0 
0 
0 
0 
0 
0 
0 
0 
0 
0 
0 
0 
0 
0 
0 
0 
0 
0 
0 
0 
0 
0 
0 
0 
0 
0 
0 
0 
0 
0 
0 
0 
0 
0 
0 
0 
0 
0 
0 
0 
0 
0 
0 
0 
0 
0 
0 
0 
0 
0 
0 
0 
0 
0 
0 
0 
0 
0 
0 
0 
0 
0 
0 
0 
0 
0 
0 
0 
0 
0 
0 
0 
0 
0 
0 
0 
0 
0 
0 
0 
0 
0 
0 
0 
0 
0 
0 
0 
0 
0 
0 
0 
0 
0 
0 
0 
0 
0 
0 
0 
0 
0 
0 
0 
0 
0 
0 
0 
0 
0 
0 
0 
0 
0 
0 
0 
0 
0 
0 
0 
0 
0 
0 
0 
0 
0 
0 
0 
0 
0 
0 
0 
0 
0 
0 
0 
0 
0 
0 
0 
0 
0 
0 
0 
0 
0 
0 
0 
0 
0 
0 
0 
0 
0 
0 
0 
0 
0 
0 
0 
0 
0 
0 
0 
0 
0 
0 
0 
0 
0 
0 
0 
0 
0 
0 
0 
0 
0 
0 
0 
0 
0 
0 
0 
0 
0 
0 
0 
0 
0 
0 
0 
0 
0 
0 
0 
0 
0 
0 
0 
0 
0 
0 
0 
0 
0 
0 
0 
0 
0 
0 
0 
0 
0 
0 
0 
0 
0 
0 
0 
0 
0 
0 
0 
0 
0 
0 
0 
0 
0 
0 
0 
0 
0 
0 
0 
0 
0 
0 
0 
0 
0 
0 
0 
0 
0 
0 
0 
0 
0 
0 
0 
0 
0 
0 
0 
0 
0 
0 
0 
0 
0 
0 
0 
0 
0 
0 
0 
0 
0 
0 
0 
0 
0 
0 
0 
0 
0 
0 
0 
0 
0 
0 
0 
0 
0 
0 
0 
0 
0 
0 
0 
0 
0 
0 
0 
0 
0 
0 
0 
0 
0 
0 
0 
0 
0 
0 
0 
0 
0 
0 
0 
0 
0 
0 
2 
3 
4 
5 
0 
0 
0 
0 
0 
0 
0 
0 
0 
0 
0 
0 
0 
0 
0 
0 
0 
0 
0 
0 
0 
0 
0 
0 
0 
0 
0 
0 
0 
0 
0 
0 
0 
0 
0 
0 
0 
0 
0 
0 
0 
0 
0 
0 
0 
0 
0 
0 
0 
0 
0 
0 
0 
0 
0 
0 
0 
0 
0 
0 
0 
0 
0 
0 
0 
0 
0 
0 
0 
0 
0 
0 
0 
0 
0 
0 
0 
0 
0 
0 
0 
0 
0 
0 
0 
0 
0 
0 
0 
0 
0 
0 
0 
0 
0 
0 
0 
0 
0 
0 
0 
0 
0 
0 
0 
0 
0 
0 
0 
0 
0 
0 
0 
0 
0 
0 
0 
0 
0 
0 
0 
0 
0 
0 
0 
0 
0 
0 
0 
0 
0 
0 
0 
0 
0 
0 
0 
0 
0 
0 
0 
0 
0 
0 
0 
0 
0 
0 
0 
0 
0 
0 
0 
0 
0 
0 
0 
0 
0 
0 
0 
0 
0 
0 
0 
0 
0 
0 
0 
0 
0 
0 
0 
0 
0 
0 
0 
0 
0 
0 
0 
0 
0 
0 
0 
0 
0 
0 
0 
0 
0 
0 
0 
0 
0 
0 
0 
0 
0 
0 
0 
0 
0 
0 
0 
0 
0 
0 
0 
0 
0 
0 
0 
0 
0 
0 
0 
0 
0 
0 
0 
0 
0 
0 
0 
0 
0 
0 
0 
0 
0 
0 
0 
0 
0 
0 
0 
0 
0 
0 
0 
0 
0 
0 
0 
0 
0 
0 
0 
0 
0 
0 
0 
0 
0 
0 
0 
0 
0 
0 
0 
0 
0 
0 
0 
0 
0 
0 
0 
0 
0 
0 
0 
0 
0 
0 
0 
0 
0 
0 
0 
0 
0 
0 
0 
0 
0 
0 
0 
0 
0 
0 
0 
0 
0 
0 
0 
0 
0 
0 
0 
0 
0 
0 
0 
0 
0 
0 
0 
0 
0 
0 
0 
0 
0 
0 
0 
0 
0 
0 
0 
0 
0 
0 
0 
0 
0 
0 
0 
0 
0 
0 
0 
0 
0 
0 
0 
0 
0 
0 
0 
0 
0 
0 
0 
0 
0 
0 
0 
0 
0 
0 
0 
0 
0 
0 
0 
0 
0 
0 
0 
0 
0 
0 
0 
0 
0 
0 
0 
0 
0 
0 
0 
0 
0 
0 
0 
0 
0 
0 
0 
0 
0 
0 
0 
0 
0 
0 
0 
0 
0 
0 
0 
0 
0 
0 
0 
0 
0 
0 
0 
0 
0 
0 
0 
0 
0 
0 
0 
0 
0 
0 
0 
0 
0 
0 
0 
0 
0 
0 
0 
0 
0 
0 
0 
0 
0 
0 
0 
0 
0 
0 
0 
0 
0 
0 
0 
0 
0 
0 
0 
0 
0 
0 
0 
0 
0 
0 
0 
0 
0 
0 
0 
0 
0 
0 
0 
0 
0 
0 
0 
0 
0 
0 
0 
0 
0 
0 
0 
0 
0 
0 
0 
0 
0 
0 
0 
0 
0 
0 
0 
0 
0 
0 
0 
0 
0 
0 
0 
0 
0 
0 
0 
0 
0 
0 
0 
0 
0 
0 
0 
0 
0 
0 
0 
0 
0 
0 
0 
0 
330651 
3997262 
6014525 
3398801 
-2761213 
-1940258 
4977961 
-3377682 
5395770 
5869905 
5475840 
-7355058 
-1945309 
3984358 
7242249 
1784601 
-3873121 
47034 
1978179 
-5173134 
-5335709 
-3050810 
-3798885 
6219078 
1999147 
-5094816 
2324190 
5315696 
2232700 
-5640976 
152319 
-6882114 
-5566690 
7174036 
-3824016 
3270004 
-3201508 
-3228828 
7370443 
-7919310 
-6189951 
1003673 
7639821 
6438412 
-2648135 
2739037 
-1678010 
170321 
-6302802 
134445 
-5300019 
-7182059 
3193143 
-3153321 
1358681 
1568151 
-1081502 
-7092390 
311112 
-5627081 
-1194520 
6023665 
6027715 
6992585 
-13198 
-3723578 
-3169183 
3194938 
-6543914 
7848836 
-3850286 
-2039381 
-31744 
3333025 
-972825 
7499732 
781362 
-4192509 
805975 
6809372 
7738117 
-2439058 
-6524959 
7669972 
-6896528 
3835845 
-5781472 
4433875 
-4250337 
1956044 
-8097984 
-6041681 
-6830639 
3934962 
-865123 
5719736 
-1830830 
-1355593 
-6217 
-3835211 
-333015 
6599223 
-1021161 
436603 
6357872 
2680952 
-4827775 
-5810688 
-75535 
5542938 
-3710605 
-3242870 
6245603 
-5177383 
7136770 
7391296 
7008670 
1893910 
4569718 
-2836310 
-5808277 
6899193 
7411538 
-5106884 
833491 
-476425 
-4552466 
7580760 
3663938 
7429905 
1604093 
-987761 
8144114 
-7174651 
-6514258 
2975323 
-6613884 
6279983 
2218781 
-4689364 
5219261 
-7940760 
2384338 
-7196103 
2042961 
-6900705 
729659 
-759577 
1238847 
792961 
6193316 
5224303 
-7073079 
6113308 
2698067 
-2398753 
-193151 
-8299235 
525664 
-6742814 
3615912 
5561059 
-1151613 
5733711 
-1842170 
-7393921 
-797892 
-5182816 
-287479 
174122 
7245279 
2381445 
-5480409 
-2330411 
7572013 
7653699 
4811237 
-3720757 
-6090516 
-5517425 
-3703695 
-4536377 
-7219492 
-5187346 
7461315 
-7367745 
2928746 
-911856 
-7965919 
-1023646 
-7775803 
6583220 
-1556004 
3911246 
3193379 
821403 
-2325848 
372073 
-4468093 
-431102 
2215818 
-4157776 
-2639972 
5713305 
7515066 
6848095 
4231418 
-1173573 
5762297 
-7925765 
2759931 
-2838159 
-3316858 
4254826 
6366614 
-1399277 
4006246 
6022597 
4860439 
1141682 
-4881059 
4615049 
4062359 
-7194875 
5898307 
-3707332 
1439387 
-952854 
7611686 
3338797 
-4615088 
-4719801 
-3034280 
5579854 
-4030496 
5849344 
-4560909 
-102093 
-4607781 
637142 
4596825 
-235632 
-844903 
-6765440 
-7569971 
-6887974 
-3402130 
-2857509 
6999537 
-606588 
5619721 
-5065275 
-4491581 
7468456 
-4781067 
7468579 
-2719058 
1922451 
-2283190 
-4089299 
7392168 
4887552 
3846354 
3067454 
-1677422 
-6709671 
6990105 
-8140651 
-1737480 
7301495 
7683207 
-2566256 
3152143 
-4372889 
5826087 
7211744 
-7599999 
-8245525 
-2748038 
1396561 
688750 
-456931 
4323440 
1948652 
1872289 
-6488690 
-3524571 
2873250 
5901078 
-7482934 
-3663352 
2420440 
-4400373 
-3111487 
-187573 
1560716 
8178543 
1052278 
2456401 
-3980339 
-6809689 
3722177 
-3594955 
-5660528 
7097467 
1129451 
7667754 
6156537 
7830602 
-8321862 
6106492 
5587713 
-6157940 
2137043 
-2734915 
3851671 
-8235123 
4313700 
6008683 
5879148 
-6947905 
-4021741 
2000078 
-6213160 
-3204525 
-3604687 
-1456061 
5929679 
3452812 
-963929 
6020911 
-6714571 
-8253229 
1990793 
5503640 
6893133 
6223101 
2495127 
-7427164 
-5859088 
-8216413 
10161 
3020508 
-2170480 
-5594060 
145500 
-4044333 
8165606 
1717887 
-1058171 
-837282 
3881376 
4471376 
5275259 
-6292158 
-5511768 
7492544 
-2586578 
-2857622 
5101791 
-2546907 
-7193402 
-2890221 
-5915670 
-2885098 
-3704609 
-3130475 
-554018 
-30836 
1818403 
-6183524 
8362774 
-6365151 
-7579119 
7146091 
-3725048 
5673837 
-1505882 
7447749 
-475646 
-8234403 
-360112 
4167140 
-7754196 
633054 
2998016 
5689008 
1816975 
3369986 
-516048 
586766 
-3222311 
-534385 
-5599911 
2464211 
-6939468 
3564997 
5479204 
-1150059 
-1699228 
-4115522 
2866803 
-1805455 
5700166 
4789469 
-465752 
7061474 
173301 
-6565347 
-43816 
1770896 
674795 
-112471 
5519335 
2248795 
-3568424 
4043494 
-5497210 
515600 
-8126937 
-6130720 
6647548 
5871271 
-5125219 
-5329288 
4201408 
-2230567 
7926290 
6068864 
-6064889 
5770678 
-1298338 
5986053 
-5366478 
-98000 
-2923887 
-1319909 
-4234894 
-6926940 
-3986885 
616927 
385670 
5961149 
-4491698 
5496916 
-5450293 
524275 
3459473 
-6467327 
3216670 
6397928 
4813111 
-5774932 
-3096603 
-1692132 
-2295269 
-5781420 
5308364 
-3551247 
7516782 
2134081 
-2186257 
-2331309 
-7521459 
3144872 
7633394 
-913335 
722030 
5245688 
10212 
3865585 
7513404 
-4321447 
-1997804 
-5890834 
-4898422 
-1987361 
1849618 
-1648159 
-1428977 
8151806 
4667431 
-4732421 
2979236 
-7957876 
-62541 
5823511 
-2523009 
-8198677 
-3894319 
-3901357 
-4755076 
8081721 
1148704 
-4303080 
4707527 
-1942820 
-4515979 
55263 
6058689 
7473786 
919940 
-7157034 
4355029 
-4006461 
7142426 
1774080 
3850989 
-2922513 
5003308 
3198553 
3883186 
0 
0 
0 
0 
0 
0 
0 
0 
0 
0 
0 
0 
0 
0 
0 
0 
0 
0 
0 
0 
0 
0 
0 
0 
0 
0 
0 
0 
0 
0 
0 
0 
0 
0 
0 
0 
0 
0 
0 
0 
0 
0 
0 
0 
0 
0 
0 
0 
0 
0 
0 
0 
0 
0 
0 
0 
0 
0 
0 
0 
0 
0 
0 
0 
0 
0 
0 
0 
0 
0 
0 
0 
0 
0 
0 
0 
0 
0 
0 
0 
0 
0 
0 
0 
0 
0 
0 
0 
0 
0 
0 
0 
0 
0 
0 
0 
0 
0 
0 
0 
0 
0 
0 
0 
0 
0 
0 
0 
0 
0 
0 
0 
0 
0 
0 
0 
0 
0 
0 
0 
0 
0 
0 
0 
0 
0 
0 
0 
0 
0 
0 
0 
0 
0 
0 
0 
0 
0 
0 
0 
0 
0 
0 
0 
0 
0 
0 
0 
0 
0 
0 
0 
0 
0 
0 
0 
0 
0 
0 
0 
0 
0 
0 
0 
0 
0 
0 
0 
0 
0 
0 
0 
0 
0 
0 
0 
0 
0 
0 
0 
0 
0 
0 
0 
0 
0 
0 
0 
0 
0 
0 
0 
0 
0 
0 
0 
0 
0 
0 
0 
0 
0 
0 
0 
0 
0 
0 
0 
0 
0 
0 
0 
0 
0 
0 
0 
0 
0 
0 
0 
0 
0 
0 
0 
0 
0 
0 
0 
0 
0 
0 
0 
0 
0 
0 
0 
0 
0 
0 
0 
0 
0 
0 
0 
0 
0 
0 
0 
0 
0 
0 
0 
0 
0 
0 
0 
0 
0 
0 
0 
0 
0 
0 
0 
0 
0 
0 
0 
0 
0 
0 
0 
0 
0 
0 
0 
0 
0 
0 
0 
0 
0 
0 
0 
0 
0 
0 
0 
0 
0 
0 
0 
0 
0 
0 
0 
0 
0 
0 
0 
0 
0 
0 
0 
0 
0 
0 
0 
0 
0 
0 
0 
0 
0 
0 
0 
0 
0 
0 
0 
0 
0 
0 
0 
0 
0 
0 
0 
0 
0 
0 
0 
0 
0 
0 
0 
0 
0 
0 
0 
0 
0 
0 
0 
0 
0 
0 
0 
0 
0 
0 
0 
0 
0 
0 
0 
0 
0 
0 
0 
0 
0 
0 
0 
0 
0 
0 
0 
0 
0 
0 
0 
0 
0 
0 
0 
0 
0 
0 
0 
0 
0 
0 
0 
0 
0 
0 
0 
0 
0 
0 
0 
0 
0 
0 
0 
0 
0 
0 
0 
0 
0 
0 
0 
0 
0 
0 
0 
0 
0 
0 
0 
0 
0 
0 
0 
0 
0 
0 
0 
0 
0 
0 
0 
0 
0 
0 
0 
0 
0 
0 
0 
0 
0 
0 
0 
0 
0 
0 
0 
0 
0 
0 
0 
0 
0 
0 
0 
0 
0 
0 
0 
0 
0 
0 
0 
0 
0 
0 
0 
0 
0 
0 
0 
0 
0 
0 
0 
0 
0 
0 
0 
0 
0 
0 
0 
0 
0 
0 
0 
0 
0 
0 
0 
0 
0 
0 
0 
0 
0 
0 
0 
0 
0 
0 
0 
0 
0 
0 
0 
0 
0 
0 
0 
0 
0 
0 
0 
0 
0 
0 
0 
